1000091
1000622
1000634
100257508
100269
100288161
1003977
1003981
1004302
1004306
1004779
100740782
100773105
1008238
1008530
1008595
1008686
100872845
100934025
1009548
100978689
1009896
101049976
1011989
101209081
101305942
1013909
1014747
101546116
101627802
1017641
101813530
1019741
1019767
10199
102108367
102343
1023595
1024048
102423003
1024566
1025163
102594
102594
1026044
10275257
1028079
1029363
1029453
10295478
10300171
10310141
10311322
1031518
1032707
1033610
1034261
103461996
10347660
10349898
1036522
1036708
1037888
10379715
1039374
10394039
1040542
104176255
1041895
1042821
104332514
104346771
104374081
1044709
10454329
104611688
104623451
104632462
104686205
1047863
104821709
104829530
104847128
104868770
104868941
1048890
104918311
10498954
1050183
105028656
105095620
1051444
1051894
105343740
1053629
105424134
105436821
105550794
105564366
1055777
1055830
105612429
105637156
1056439
105676828
105722904
105730720
105756203
105810943
105867910
1058720
105884243
1059568
105965995
1059762
105984587
106020252
10602292
1060304
1060538
106078330
10614863
106188004
106194785
106232242
1062421
106246204
10638581
106435115
106441078
106485710
1065284
106543787
106601305
106687973
106707196
1067075
106725851
106749042
10676512
106809413
106809542
1068295
106833252
106939424
1069518
106975619
106977211
106991626
1069984
107064932
1071142
1071156
107117898
1071570
107187741
1072242
1072570
1072577
1072699
107287943
107327363
107329505
107392893
107479508
107550341
1076673
107740175
107802888
10785508
108057950
108120680
108167823
1082410
1082764
1083392
108366724
108457563
10853458
108547337
108559509
10857406
10858353
108584119
1085852
10858950
10861548
108666933
108679
1087503
108800285
108909105
108914793
1089278
10896
109018021
109057355
109067
109180
1093046
10932366
1093721
1093925
1094032
1094043
1094619
109537775
1095397
109546916
109562503
109564030
109569707
109582
109608
109626459
10966503
109746873
109768225
1097810
10980022
10982517
10984257
109852163
109927970
10993198
109943207
109945087
1099673
109974993
1099784
10999892
11003717
110040047
11004650
11004980
1100832
110096025
110100624
110106124
11013303
11015464
11015464
11016747
11023994
1102519
11025986
11030382
1104701
110483835
110534944
110569
110631
110635236
110643319
110644463
110654882
1107674
110782692
110802379
110848
110892057
110912902
110913930
110924260
110930240
110963262
110970104
110975414
110975592
110996994
110996994
111016513
111102249
111116659
1111535
1111673
111195201
1112344
1112381
11133776
111376977
111434603
111441191
111509980
111513149
11152943
111579549
111594692
11159584
111600131
11161560
111647933
11165529
111656987
111663933
111677394
111695243
1117066
111725521
111751446
111770748
111770748
111770748
11181565
111876982
111905686
111943988
1119505
111964
111976143
111976143
111992613
1120031
11201210
112032100
1120662
1120969
11212124
11212506
112173
112213837
112213837
112221136
112241194
112253594
112258
1122678
1123351
1123764
1124051
11243072
1124861
112494
112587272
1125966
112624794
112648423
1126636
112667922
1127230
1127288
1127302
1127632
112790106
112790931
11286874
112869599
112880
112894958
1129203
11295809
1129608
113007
11303255
1131142
1131784
1132561
113304243
113318893
1133441
1133665
113378087
113396073
113412093
113414745
1134365
113472673
1135496
1136035
113624934
113624935
1136319
113638147
113639313
113648279
1136488
113679774
113705
113806
1139148
113993497
1140271
1140373
1140514
1140650
1140715
1141306
1141351
1141721
1142185
1142246
1142522
114257
114350597
1143768
1143790
114397756
114398640
114500414
1146037
114639536
114729824
1147435
114753539
1147665
1147665
1147665
1147867
114797166
1149153
114980094
1150522
1150680
115166811
115254071
115264928
115276
115283464
1152994
1153261
115356430
115388065
1154493
1154607
1155098
1155546
1156080
115631532
115641841
115694172
1157030
1157057
115733311
115792514
115821985
115822023
115824494
115921506
1159407
115951230
1159945
116003774
116014
116029416
116032815
1161054
1161852
116196716
1162077
1162190
1162287
116230458
116235597
116238
1162605
1162774
1162822
1162856
1162886
116297443
1163201
1164094
1164329
1164329
116449441
11645812
116473509
116507974
1165848
116589
1165922
1166175
116687441
1167159
116777005
116859813
116880628
11691663
11691781
116927479
116944934
116969853
11700178
117010346
1170326
11708421
11712942
11713806
11719832
117267
117286254
117289
11730
117302049
117309306
117314389
11731758
117353279
11739443
117421927
1174418
11744412
117450626
117468851
11747963
117481522
11768728
117717153
11774225
11774288
117792391
1177999
11781505
117837306
11785962
11786526
1178689
1178689
11786965
11787196
11795482
117976252
1179930
1180344
118093594
118136855
11814704
11817700
11822677
11822753
11826028
118277410
11831955
118323652
11835630
11836290
1184119
1184173
118477652
11850194
11852844
1185409
1185525
118559532
118616507
11862289
11862844
1186294
11867956
11869065
118696123
11873274
118733663
11875746
11880391
118876556
118904508
118906014
118922
1189353
118944771
118946769
118946770
11895038
11896548
11896719
1190123
11902424
1190325
1190356
1190618
11914110
119144
11917055
1191760
1192008
1192476
11927262
11927923
11935090
1194239
11946474
1194994
119552218
11959760
1196101
11970334
11977297
119882378
11988277
1199026
119947953
11999850
119999831
12006785
1200808
1201052
1201057
120138160
12017742
12019825
12023933
12024883
12027014
12028697
12033864
120378
120403383
12040608
12043818
12044370
12045152
12046984
12048681
120491692
12055178
12058281
12059351
12061510
12069604
12073400
12073970
120775987
120793569
120801328
1208034
1208806
1209129
120937
12094840
12094841
121095163
121200137
121258608
12128469
1214524
1214792
12149813
121511279
121534
1215825
12163818
12164366
1216620
121862648
121862651
12186461
12193101
122066904
12208610
1221025
122238691
1223076
1223133
1225928
1226253
1226635
122708
12271645
12271808
12272416
12272991
12273992
12274247
12274763
12275302
12277168
122773390
12277764
12277826
12278401
12280226
12280529
12280689
12281893
12282248
12282695
12285368
12285423
12286819
12287446
12288011
12288497
12289305
1229058
12292389
12292545
12292589
12292956
12293812
12293932
12294161
12295048
12295654
122957090
12296006
12297030
12297191
12299178
12299240
12299307
12299500
12303604
12307277
1230852
123144232
123179308
12318947
12318966
12320275
12320459
12324614
12325061
12326104
12331411
12331472
12333698
1233453
1233766
123379
12340722
1234343
1234389
12347574
12347933
12348100
12348100
12349140
12350309
12350309
12350350
12350556
12350556
12350890
1235395
1235413
12361299
12361540
12361704
12366102
12366816
12367079
12368181
1236863
12368950
123706
12374101
123759537
1237613
12376194
12376420
12376457
1237743
12378482
12378753
12379557
1238749
123920992
123935
123983204
1240173
12403991
12404672
1240598
124077228
1241051
124194
1242805
12428657
124297
124297
1243583
1243714
124419762
124427796
124484
1245004
124515875
124611357
1246630
12467
124697775
12470044
1247752
1250067
1250111
125029426
125029547
125029578
125029647
125029652
125101
1251672
1252067
1252095
1252189
1252204
1253391
1253670
1253709
1253861
1254054
125407738
1254153
1254391
1254480
1254483
1254804
1255584
1255843
1256887
1256936
1257085
1257548
1257946
1258485
1258998
1259746
1259799
1260017
126010
1260211
1260666
1260988
1261067
1261184
1261280
1262476
12626933
12627261
1262739
1262756
12628845
12629899
1263054
12630967
12631700
1263184
12632074
12632323
1263309
12633276
12633600
12634793
12634902
12634931
12635108
12635582
12635622
12636241
12636308
12639311
12639452
12639637
12640281
12642352
12642382
12642515
12642613
1264279
12643002
1264387
12644562
1264458
12644752
126449
1264491
12645510
12646250
12646348
12648406
1264915
1264934
126507
126516
12660283
12663215
12663413
1266428
1266436
12664573
12671605
1267504
12676920
12678247
1269747
1270129
1271025
1271286
1271457
12720357
12728335
12728784
127299
12730061
12730266
1273122
127347
1273603
12736402
12736662
12736752
1274624
12747782
12749074
12749221
12750769
12751560
1275157
12751582
12752112
1275406
12754271
12755418
12755974
12757017
12757244
12757909
12759118
12759423
12759550
1276135
1276190
12761997
12762879
12765281
12766423
12768096
12771206
12771862
12771948
12772199
12773707
1277508
1277579
12776278
12776309
1277708
12778078
12778637
1278008
12781763
12784422
12784422
12786999
12792880
12793602
12794417
12794418
12795693
1279831
12798438
12799296
12800194
12802766
1280770
12808536
1280860
12810669
12815630
12816299
1281985
1282036
1282878
12837203
1284019
1284052
12840560
12840962
12841468
1284503
12845567
12845755
12846195
12846612
12847376
1284754
1285234
12862066
12863302
12864387
12864504
1286714
12867786
12868704
12869041
12869613
1287564
1287583
12875959
1287640
12876791
1287695
12878751
12880056
12880567
12881190
12882293
12886185
1288675
1288767
1288913
1289073
1289613
12898765
1290108
1290184
12905580
1290582
12906244
12906280
12906471
12907020
12907852
12907931
12908222
12908287
12908292
12908945
12909550
12909617
1291026
1291388
1291574
1291894
1292000
1292072
1294448
1294765
12948937
1295560
1295756
1296470
1297197
1298330
1298406
1298953
1299727
129983
130119
130222
13034291
13037000
13037233
13041223
13042455
13043261
13044940
13045607
13052114
13052801
13052806
13053510
13053740
13054515
130547
1305852
13081379
13081624
13081911
1308220
13085420
1308887
13089985
13090406
13090490
1309674
13103807
13104060
131083
1313580
131378
13175718
1317675
1317950
1318057
1318360
1321456
1322048
1322278
1322425
132288
1322950
1323799
1326165
1327309
1327628
1327759
1327903
1328951
1329245
1330516
1330853
1331407
1332290
1334444
1334674
13360672
13360930
1336822
1337232
1337365
13374160
1338130
1339979
13407349
13408025
13411068
1341246
1341721
13417572
1341824
13419743
13421070
134213
13421443
13425266
1342608
1342667
1342858
1343357
1344934
1345146
13475373
1347593
13478509
1348054
1348577
1350556
13512352
1352298
1352946
1353484
1353499
13538715
1354569
1355326
1356243
135625
1356701
13567330
13569643
1357248
1357326
13581075
1358371
13598537
13598551
1361390
1361747
1361886
1362967
1363318
13637470
1364601
1365162
1365187
1365938
1366105
1366118
1367287
1367886
1368885
1369110
1369765
1370318
1370342
1370904
1370966
1371168
1371336
1371757
1373952
1375438
1375511
1376466
1378084
13813421
1382207
1382418
1382594
1382596
1382662
1383056
1384607
1385042
1385173
1385799
13858239
1388830
1388974
138992
1390502
139061
1390970
1390993
1392045
1395004
1395092
1395241
1395724
1395739
1396031
1396754
1398021
1398401
1399210
139934
139939
139981
1399815
1399968
1400144
1401127
1401183
1401302
140152
1402057
1403188
1405192
1405858
1406122
1406130
1407995
1408037
1408931
1408968
1409153
1410778
1410824
1413261
1413698
1413865
1416916
1418074
1418409
1418724
1419357
1421022
1421407
1422071
1422235
1425196
1425209
1425664
1426048
1426208
1428088
1430355
1431801
1431801
1432880
14330482
1433248
1437065
14371213
1437143
1437612
1438478
1439505
14404741
1440763
144086
1441462
144270
1445856
1446144
144629
1446649
14466809
14466811
1447979
144888
144928
14500317
1450140
1450559
1451591
1452401
14524020
1453
145400
1454249
1457499
14591
1459130
14606259
14614401
1462377
14624883
14628877
14629716
1464226
14644372
1464482
1466073
1468793
1469830
1470450
1471291
1471684
1471801
1472783
1473147
1473374
1473677
1474330
14747
1474942
1474990
1475126
1475378
147548
1475796
1476251
14773810
1478016
1478993
1479090
147933
1479723
148052
1481577
14849157
14864170
1486946
1488960
14911943
1491209
14916206
149192
14920495
14922448
14932235
14936827
14942839
14949802
1497616
1497827
1501534
1502282
1503153
15041766
15043910
1505766
15060993
15062789
15065263
1507295
1507340
15073855
15078648
15080981
15090186
1509232
1510609
15111605
15123797
15124118
1512969
15140473
15140817
1514159
15154469
1515717
151616
1516798
1518320
1519076
151942
1520608
15207015
152347
15238428
1524722
152506
152511
15252251
152556
15260812
15261799
15279421
1528097
152814
1529077
15303766
15306593
1532695
153355
153431
153448
1535775
1536539
1536909
1536981
1537624
1537647
1537757
1537848
1537972
1539410
1539760
1539772
1539871
1540273
15403351
15408545
15408931
1542380
1542601
15431931
1543727
154410
1544120
1544563
1546127
1546601
1546666
1546822
154685
1547084
1547378
154784
154827
15484822
1550015
1550220
1551276
1551478
1551510
155232
1552638
1552710
1552739
1552790
155281
1553111
1554226
15546233
15547820
15554877
15554877
15570970
155726
1557755
1558160
15614083
1561456
1561501
15615388
1561544
1561598
1562335
1562349
1562938
1562957
1563314
1563643
1564017
1564239
1564405
1564741
1564782
1564992
1565523
1565977
1566062
1566185
1566367
1567263
1567307
1567391
1567582
1567799
1568276
1568276
156858
1568772
1568827
15695279
15710490
1571180
15713551
15715415
15720660
15732667
15733453
1573557
1575505
1576080
1576080
1577590
1577652
1578861
15794473
1579497
1579533
15796130
158030
158062
15807938
15808026
15812796
15813735
15825831
158272
15843527
1584845
1585377
158584
1586089
15867345
15868440
1587082
15873097
1587563
15875645
1588629
15906
159062
159074
1590792
15919889
159227
159250
159318
15943233
15950102
15965680
15983
15996015
15996500
16010109
16016213
160188
1604577
1604757
1605703
1605913
16061983
16064803
16064815
1608022
16081216
16081892
16084290
16085853
1608682
16088333
16110473
16110583
16113104
16113236
16114485
16114580
16114667
16114819
16116722
1613027
1613713
1613731
1613900
16147186
16148493
16149107
16156256
1616864
1616942
1617368
1617507
161803
1618169
1618174
1618273
16189675
16196615
1619674
162136
16213909
1621423
16215617
16222673
16223758
1622568
16232947
16234758
16235544
16237035
16239695
1624461
1624839
1626335
1626641
16267719
1628719
162887
162944
16298302
16299795
1630159
1630437
16325203
16327621
16329596
16331653
16331734
16331885
16334725
1634410
16348632
16349343
16351486
16352044
16353610
1635431
16355736
16357999
16359028
16359149
16360288
1636212
1636222
16362852
1636630
16366301
16366340
16368534
16369106
16369665
16370108
16370763
16371606
16372193
16372721
16374230
16375698
16378560
16380023
16381622
16387825
16388684
16388713
16389306
1639368
163938
16399195
1640233
16404682
1640577
16414371
1641497
16415894
16418338
16419396
16419412
16420650
1642098
16423112
1643261
164364
1644022
16443583
16445662
16446960
16452033
16453194
16453571
16458879
16458887
164593
1647133
16473426
1647394
1647633
16476573
164914
1649169
16492936
1649341
1649403
1650110
1650307
16516475
16520402
16524005
16527080
16533418
165357
1653946
16546124
16551861
1656624
16571404
1658720
16591158
16593285
16602103
1661774
1662181
16630286
16632621
1663496
16642128
1664782
1665980
166667
1666764
16672735
16678687
16696759
16730042
1673308
16733110
16737790
16737804
167414
16746889
1674726
1674860
16752371
1675555
1675587
1676314
167937
1679670
1681548
1682013
168205
16824519
16829996
16836661
16841056
168477
168498
16849991
16859396
16863312
16875990
1688111
168866
16900398
16900477
169109
1691679
16920802
16931169
16931713
16931821
16932376
16933731
1693444
16939437
16940055
16944858
16951908
16953117
16954835
16959962
16961466
16967786
16967792
16968045
16971969
16973054
1697883
16984937
1698949
17014104
17015084
17015980
17017754
17018738
170244
170287
17030501
1703564
1704158
1705125
17054964
17064474
1706541
17067553
17067760
17071119
17090989
17091742
171009
17105457
171080
17113738
1712135
171219
171303
17138204
1715036
171530
171562
17161136
17171
1717934
1718662
1720688
172301
172520
1726925
17278098
17285136
1728921
1728921
1729163
17302280
17305840
1731123
17317594
17326761
17336477
1734030
17340318
17350436
1735231
17372871
17375963
17385969
1738772
17389092
174033
1740425
1740529
17405470
17408172
1741199
1741200
1741508
17415569
1742908
17431610
1743652
1743884
17444532
17447265
1748068
17488861
17496474
1750071
1750475
17511948
17513358
17514144
1751660
17523911
1752429
17526620
1754043
1754105
1754183
1754204
17544302
1755236
17560788
1756535
1757296
1757474
1757557
17593719
17593822
17612464
1761444
17624537
17626485
17628467
17636238
1763897
17663620
1767831
1768091
1769657
17696763
1769734
1770209
1771431
1771588
1771939
1775086
1776
1776937
1777287
1777542
1778475
1778596
1778808
1778907
1779044
1779601
1779905
1780259
1780744
17812197
1781298
1781530
178200
1783706
178438
1784683
1785022
178505
1785592
1785774
1786067
1786314
1786353
1786365
178832
1789629
179251
1795145
1795535
1795607
1796235
179695
1799420
1800016
1800034
180080
18011127
18021020
1805833
1806907
1807077
18076592
180800
18088203
18088521
180937
181084
181146
18126401
18127237
181293
181530
1815375
18164278
18164958
18169131
1817298
18176756
18177740
1817866
18199147
18205921
18210589
18214597
1822437
1822918
1823642
1824039
18242762
1824397
18244346
18245921
1825742
1826371
18274252
183088
183150
183286
18340781
18345498
1835181
18353535
18353952
18377751
18386032
18392319
18394081
184046
18431394
18433444
1846214
1846316
18468322
1848218
1848534
1849187
184998
18507878
18507878
18507884
18508945
18508945
18511363
185114
185232
185336
18534303
1853526
18536925
1853722
18537525
18538520
18539344
18539390
18540655
18541785
18543007
18543955
1854586
185615
18565978
18578182
18578182
1857984
1858518
1859259
18601497
1860439
1860715
18608736
186089
18620566
1862197
1862197
18623932
186268
186276
18633426
18639147
18639546
18639679
18639721
1864131
18664826
186726
18689102
18689663
18694189
18702093
18720285
1874252
187448
1876234
187763
187821
1880285
18808434
18808444
18822753
188528
18857023
1886083
1886649
188699
1887548
189018
18922613
1893906
189663
1896958
1897401
1898224
1898426
189969
189979
19011869
1902255
19029
190435
190670
1908809
191065
19109
19156677
1916325
191669
191758
1918880
1919989
19206314
192376
192384
192412
1924464
1928283
1929407
1930514
1930630
193103
1931598
1933641
19344375
19344375
1934600
193534
19365452
1936614
193716
193721
1938506
19401632
1943350
1943549
194450
1945341
194607
1948674
19508900
19509324
1952944
1954437
19559318
1956
19567188
1957003
1957795
1961993
19630442
19633827
196409
1964483
19646828
1965085
19655263
19663514
1966404
19667567
19667762
1967273
19681579
1968223
1968566
196868
196875
1968784
19689179
1969206
19698447
1970015
19705092
1970614
1970622
1971178
19726518
19726688
19734
1973559
19742029
19746019
1975283
1975287
19758764
1975890
1976679
19769227
1977379
1977953
19816915
1982478
19825997
19826038
19830
1983940
1984843
19848936
198770
19882533
1988543
19887804
19893274
19895656
19895663
1990082
19903003
19905
19935925
19938305
199410
1995066
19950828
19958063
19958063
19959371
19960568
1996180
1996372
1996974
19971319
1997340
1997353
19975649
199901
1999537
19997663
20002304
2000589
2001490
2002146
2002193
2002470
200305
2003621
20036653
2003839
20049040
200509
2005705
200733
2008514
20088998
20100909
201139
2012583
201404
2020114
20205020
2023134
202422
2024702
2025017
202638
2026789
2027472
20278773
2028073
2028121
2028192
2028327
2028348
2028727
2029336
2029767
2029991
203175
2031951
203339
2033423
2033486
2034327
2034564
203533
2035790
2038810
20403430
2041483
2041507
204181
20426763
20429441
20429648
20438284
2044535
2044894
2045287
2045522
2045824
2045993
2046235
2047010
20471712
20474091
2047700
20478352
20479854
20480980
20480980
20481567
20484845
2048727
20497371
20499000
20499020
20499342
20511351
20516936
20517627
20517733
20522090
20523267
20524313
20526165
20526199
20528526
20529721
20530284
2054678
205558
20558502
20558633
20560252
20560782
20560951
20564358
20566898
20570850
20571673
20572940
2057301
2057311
20580957
20581091
20584944
20585944
2059251
2059956
2060096
2061165
2061393
2062083
206225
2062463
2062471
2062518
20631617
2063796
20645822
20650447
2065467
20656567
2066569
20666368
20666534
206667
206757
2067956
20685620
20687601
2069101
2069434
2070470
2071602
20717409
20723596
2072409
2072720
2073220
20734
2073545
2074407
20747555
2075436
2075566
2075776
2075892
2076582
2077402
2078349
2079142
2079735
2079874
2079921
20807692
20807806
2081173
20814438
2081713
208200
20835
208367
2083713
2085023
2085043
2085183
208566
20860720
208629
208706
20871388
2087483
208750
2088250
2089107
2091186
20914862
2091991
20921043
20923887
2093187
2093627
209387
2093921
20949051
20949311
20949715
20949752
20949752
2096577
20966633
20978287
20988308
20988956
21011974
21022622
21068386
21095868
211195
211211
211328
211371
211408
211428
21152666
2117648
2118275
2118284
21184
21185
2119318
21208194
2121695
21229578
2125220
21258788
212795
2128714
21288196
2128882
21290541
213059
213125
213125
213628
213638
213947
2140385
2142483
2142506
2142738
2143464
2143599
214391
2144589
21469665
21490393
215181
21523758
21524665
21524707
2152796
215315
2158260
215828
21583218
2158388
21587887
215971
21597854
215986
2160560
216144
2164468
21647514
21655305
21659661
21661160
2167704
216845
21695137
21762205
21769875
2177767
217805
2178509
217877
217948
21817177
2181998
21857725
2191455
2191998
21953164
2196869
2198522
21995345
219982
22006753
220198
2202089
22026559
2204805
220521
22079600
22084400
220899
2209666
221057
221084
2211014
22121231
221299
221348
22137038
221604
22278465
222860
2238829
2239
224233
2243793
2244183
2246730
224693
2247397
2248723
2249024
2251249
2255851
22570196
226030
2262314
2264910
2265459
2266034
2266390
22670941
2268601
22690180
226938
2272797
2276153
2279483
2280274
2285186
2286680
2289262
22908775
22910701
22926984
229383
229566
22957946
2296603
2296660
22987695
22997527
2300017
230104
23012303
2301279
23013582
23017256
2302532
23035086
2303863
2305078
2305090
2305249
23069665
230881
2311121
231327
231415
2319654
2320966
2321218
2322300
2323606
23249
2325053
2326
232738
233210
2332172
233262
233299
2334312
2335530
2335581
233572
2335963
2338245
2338290
2338336
2338958
233944
2342583
2343313
2343411
23434996
234377
234408
2345118
2345342
2346056
2346276
2348239
23498109
2350607
235125
235154
2352649
2353252
2353765
235540
23560182
2356220
23564
2356858
2360641
2361879
2362055
2362903
236312
236315
2363601
23641777
2364268
2364542
23654192
236628
2366709
2367959
2368428
236899
236968
2370447
237056
237058
2371121
2371274
2372910
2375815
23759744
2377908
237843
23786473
2378815
23800077
238245
23833699
23835856
2385373
23905015
23905710
23931858
2393212
2394981
2396877
23978545
239798
23987501
2398962
240057
24006747
24007289
24010959
24019616
240246
240339
240386
240430
2407913
24083386
241057
241086
2412558
241280
2412892
2413641
2415563
241563
2419125
2419615
2421589
242219
2424041
2424070
2425939
2426066
2426206
24279
2428520
24302416
2430783
2431095
243132
2431665
2431719
24342956
243445
2444750
2444921
24452252
2448969
24494577
2451343
2451365
2451384
2451398
245222
24543
24566037
2457173
2458532
245899
245931
245990
2463911
24642403
2464516
2464985
246542
2465811
2468597
2469733
2469961
2471262
2472355
2473962
2475200
2475430
2476230
247726
247860
2478889
2480921
24809895
2484419
2484656
24851606
24863711
248731
248988
2489884
248991
249128
24913070
24915014
24915717
24931646
2493371
24938495
24938806
24942758
24944270
24944361
2495699
2499012
2500734
2502537
2502585
2504840
2505824
2505951
250611
2507231
2510238
2510786
251325
2513276
2517366
2519260
25203439
252041
2524291
25247871
2527826
252848
2528665
2529187
253018
253020
2530765
2531060
25313311
25338570
25338950
2534041
25340956
253532
253952
2539582
2539650
253998
254023
254036
25425996
25432114
254425
254484
25452964
25461975
25465194
25466467
25476632
25484024
2549006
25494834
25495738
25500125
25503056
255112
255210
25539047
25539982
255423
2554299
25543315
255434
25552510
25555064
25555289
25555301
255690
25571977
255972
2560756
2560782
2561778
2561995
2562904
2564451
2565464
2566702
2567807
2568815
2569194
2573094
257400
257423
257428
2574590
257569
2576784
2578745
25796249
258028
258094
25841179
2584128
2585453
258578
258586
258645
2586798
2586864
258715
258874
2588816
258965
2590055
25915446
2592845
2593801
2595197
259553
2595999
259830
25991382
259933
260061
2600910
2601666
2602324
2602809
26031240
26034812
2603847
26046109
260514
2605674
2606872
260805
2608136
2610461
2610799
261387
261471
2615347
26180562
2619487
2619580
2620007
2620975
26213606
2622030
26220593
2622681
2625077
26250908
262545
26257960
2625883
2626623
2626631
262719
26274225
262772
2627792
262951
262967
263011
263023
2630739
2631716
2631845
2632576
2635570
2636405
263710
2637736
2638127
2639347
2640140
264097
264176
2642556
264318
264574
264599
264667
26475
265078
2652448
2652576
2655068
2660003
2660289
266073
2660781
266080
2661062
2663278
2663470
2665280
2665991
2666778
2668017
2669078
2669987
2670889
2672585
2673138
267324
2674737
267542
267607
26769
268003
268018
26802740
26883550
2689565
2689955
26920619
26958682
2696270
2696793
26978747
27013128
270180
2701854
2701854
2702071
27031148
270330
270341
270596
27068210
2707114
27078003
2711719
2712921
2713129
271465
2714727
27150
271507
271538
271743
2718154
271850
271921
2720697
272178
2722123
272849
2734105
273411
2734930
2736668
273667
2738333
274014
274171
2742928
274295
2743465
2745408
2749478
2750389
2755449
275630
27571800
27574
275878
2759172
27597755
276553
27662807
27663348
27733417
27736150
27838020
2784118
278447
278637
2788862
278905
278923
27899307
27899377
27899872
27902149
279167
2791785
27941657
27950391
27958106
279643
2797445
27976460
27984777
28007375
280099
2801252
280254
28025968
28028168
28037234
28048263
28055039
28055979
28056776
28101909
28113685
28125359
281258
28134263
28134858
28136169
281427
2815911
28163962
28178989
28182197
281922
28199244
28219941
28220824
28221132
28221653
28223722
2822391
2822439
28224535
28224951
282475
2825798
282645
2827071
2827169
2827191
282730
2828861
2830787
28320298
283351
283360
283385
28356279
2836657
28375893
28408145
284088
284147
284469
284596
2846498
2850715
28510712
2851732
285360
28542151
28555790
2855705
2855705
2856363
28563736
285833
28584670
28595181
2860303
2860335
2860427
286104
286113
286354
28653560
28653968
28662170
2868867
2869951
28719676
2872555
28726406
28726950
28745990
2876569
287703
28773394
287734
28785259
2878771
28789847
28790814
28806346
28812422
28861269
28861630
28862271
28870445
28870450
2887254
2888092
2888321
2888423
288907
2889730
28912455
28919052
2892738
28939688
28949626
28950190
2896625
2898202
2898539
289962
2899707
2899781
29007148
29035305
2904841
29061920
2906401
290764
290801
291158
2916636
29168484
29169058
2917011
2917500
2917519
2918340
2918438
2918454
292018
2920430
2920711
2920711
29242
292969
2930228
29310134
293162
293586
2935929
29359575
2940431
294078
294136
2942097
2949827
294992
29512029
295408
29570183
29574353
29583553
29591607
2959823
2961022
29636954
2966818
296721
296956
296956
2972120
2976457
297650
297750
297825
297826
298139
2982590
2982862
298310
2984041
2985139
2988180
29892910
2989312
299217
299334
2993838
299466
29951594
2995683
29957554
29960569
2996190
2996730
300007
30035857
3006253
3007353
3011060
3012338
301296
30134278
301376
301397
3014377
3014390
301484
3014906
3015619
30164146
3018073
301901
301997
3021208
3022141
30231442
30251126
302544
3028173
303070
3031313
30315063
30324289
30324293
30325267
30343128
303530
304024
304031
3040447
3042670
3044986
3050323
3050478
3051868
3051973
3052471
3053165
3053165
3055121
3055890
3057493
3057582
30604954
30606630
30612134
3061686
3063139
30636807
30637541
3064310
3064721
30686720
3070476
30729071
30773293
3079953
3081365
308154
3084040
3084265
3084314
3086879
30879765
30898596
3090972
30918644
3092300
3093872
3094685
309911
309917
310015
310260
3103758
310526
3107121
3107709
3109411
3110763
3110974
3110994
3112563
3113109
3113529
311378
311467
311525
311525
31182498
311875
31189596
31190892
31191868
31192560
31193096
31193168
31193348
311961
3119655
31198354
312185
312259
312322
312700
312775
313023
3130521
31306368
3132479
3133469
3133474
3133528
31360057
31360590
31360711
31364974
31365020
3136662
3137158
3137286
313843
3140358
3140477
314164
3143231
314716
3148272
315605
3157988
3159015
3159696
316252
316901
317169
3172872
317313
317508
3175128
3176891
3177034
3182030
3182543
318344
3183562
31837305
31841104
319461
31965890
3197219
3201249
320146
3204179
320876
3209147
321043
321452
3214550
321635
3219990
3223978
3225394
3228974
3232370
3234328
3235949
323777
323846
3238655
324093
3243402
3245753
324626
324781
32484
3262348
3263262
3265050
326859
3270822
327088
327094
327125
327261
3273647
3276247
327764
327821
3279185
3279999
3280739
328458
3290136
3291340
3296457
3296846
32969
3298064
3300364
3300926
3301264
3301541
3301817
3302123
3302178
3302469
3302931
33031
3303964
330409
3304328
3304385
3305016
33056658
3310521
331053
331256
33127293
3314419
3314618
3317365
3317430
3319760
3319873
3320114
3320220
3321086
3322331
33226040
3323369
33277
3328730
333025
3333150
3336198
3336468
3336998
3340808
33417199
334311
334484
334700
334761
334778
3351855
3351920
3354779
3355314
3355552
3356220
3356280
335750
335832
335997
3360074
336046
3361480
3361602
3362157
3366233
3366458
3367282
3369566
337049
3372619
3374850
33749
3375948
3378896
338082
338221
338319
338465
338645
3388
338889
3390414
3390456
3391370
339280
3393231
3393353
3394224
339423
3394802
3394802
339501
3395313
3395340
339545
3396212
3396254
3397053
3398572
3398690
3398809
3399452
339990
3401311
3403199
3403642
3403931
3405384
3406602
3406977
3407238
3407314
3407468
3408273
3408631
3409224
3409789
341056
341111
341323
341510
341666
3417186
342010
3429052
3432108
3432768
3434158
343562
3436354
3436757
3437197
3437830
3437830
3440237
3440720
3441532
3441562
3441867
3442433
344299
3443225
3443249
3445790
3446324
34504
34518255
346324
347184
347471
3475731
3475791
3479635
3480186
348032
3480456
3481748
3482227
3486746
3488554
3488895
3489894
3490781
3491143
3491207
3491392
3493788
3493931
3494043
3494859
3497322
349893
3499138
3499408
3501300
3502047
3502513
3502897
3503460
3503479
3503622
3504283
3504809
3504917
3505153
3506042
3506556
3506625
3507535
350787
3508048
3509359
3509624
3509683
3510787
3510896
3511069
3511079
3511638
3511938
3512793
3512941
3514048
3514054
3514116
3514587
3515147
35226624
352605
3527888
35281
353064
3531433
353410
353959
3540869
3541446
354234
3543909
354474
355384
355471
35547698
3555605
3557336
3558351
355907
3559219
3561143
3561313
3561957
3562119
356289
3563324
3564160
3564665
3565231
3566458
356670
3567511
356762
3569553
357016
3572898
357347
357419
357918
3580971
3582883
35831601
3588971
3588980
3590079
3590372
3592484
359655
359660
359860
360160
3603946
3605924
3609101
360919
361311
361376
3618698
362081
36212
362129
362203
3622110
3622516
3623079
3623132
362319
362319
3625012
362743
3627902
3636608
3637234
3637275
363949
364367
3645592
3645632
3646283
3647183
3647379
3648919
3649217
3649330
36493675
3649788
3649873
3651294
3652403
3652414
365400
3655145
3655145
3655857
3655936
3656232
3656756
3657806
3657915
3658001
3658025
3658227
3658415
3658732
36641688
3666739
3666978
3668429
366960
3675462
3676942
367761
367859
368478
3685392
368862
368991
368998
369063
36989
37008
3701548
370426
3707751
3709251
371066
371123
3715009
37164713
3720719
3723131
372388
372475
372490
372999
3732151
3735273
3735355
3736450
3736928
3737672
3737900
3737990
3738874
3738959
3739377
3739449
374009
37401
3741063
3741208
3741984
3742055
3743196
3743708
374461
3745031
374696
3749412
3751950
3754476
375541
3763342
376663
3774127
3774964
3778182
37793136
378004
3781185
378302
378432
3785454
378712
3790119
3792902
3794197
379554
379606
3796117
37976242
379831
380008
380018
380030
38022199
3803898
3805712
3805716
3805840
3805874
38072
38081888
381077
3811192
3814042
381720
3819135
382044
382073
382140
3821400
38217079
382197
3822020
3824387
38251706
382666
382706
3827855
3835618
3835835
383772
3838030
383850
3838660
38399
3842060
384265
3843384
384348
3845976
3846275
3847484
3850635
385086
3850891
3851615
385386
3857851
386496
386550
386730
386955
38716
3873544
3873774
3876358
387968
388023
388126
38852
388667
3886678
388679
3886934
388745
388770
3889843
389360
389379
3893931
389418
3896343
389646
3896939
389816
3900997
390228
39040397
3904202
3905033
39056312
390568
39060585
39073809
3907547
39086973
391000
391424
391595
3917352
39180
391951
3932825
393353
393357
39336648
39337004
393524
393593
393634
3936919
394378
394832
39487250
395389
3972364
3975708
3977830
3978087
3982795
39926338
3999949
4013090
4024265
4030007
4032899
403662
4040858
404542
405614
4058255
4058269
4058271
4058273
4060412
4062312
406684
4070517
4070878
4072864
4075903
4075924
4075930
4084055
4087298
40895143
40998607
4102580
4112145
4115558
4116443
4117012
4120200
4128091
4132813
4138238
414014
414309
41446132
4152234
4152281
4154079
4158134
4158590
41590
41603837
41673178
4171162
41711664
41741
4177305
4178724
4178752
4179840
4180080
41806732
4184784
4189099
4193010
4201721
4201780
4205868
4207669
420964
4213870
4217712
4219052
4223129
422608
42270654
42309329
423115
423128
4231512
4235304
42408449
42416276
42512186
4255989
425658
425767
425929
4259779
4260448
426092
42650745
4267358
427115
427403
427439
4275776
4279819
4279876
428400
4285053
4291456
429154
42916033
429385
429398
42944992
4294753
4294862
42952839
42952839
4295576
43006401
4301379
4301694
43019098
4304561
430613
4306822
4308133
431034
4311350
4311533
4311562
4313425
4314636
43176
4318115
43231512
432679
432811
432829
4329761
433029
433055
43325
433467
433985
4339866
43400824
434344
434344
434354
4348117
4348368
4348368
4349527
4349872
4351610
4351893
4353213
435424
4354776
435502
4355302
4356245
43567875
435755
4360325
436158
436937
437008
437211
437309
437569
4375747
4375750
437620
4381174
438792
438829
439102
43928
43957695
43957716
439582
439582
439589
43959051
439815
439903
440311
4407972
44102
4411706
441311
4413591
441418
441654
441659
4416705
441870
4420688
4422700
44268
442766
44282
44282
4435326
4436375
4436666
44397
44406
444093
444097
444410
444671
4449657
4449893
445028
4453141
445378
445513
44557
445640
445695
445900
4462709
446631
446692
4467674
447121
447323
447802
44794377
448555
448912
448921
448936
449369
449386
4494017
4494385
449544
4496833
4497394
449748
449769
4499391
4499393
450134
450262
4505994
4506872
450793
450900
4513926
451645
4516736
45174962
451842
4519344
452004
452084
4525468
45269867
452792
452990
4531914
4532436
453463
4535329
4536496
453700
453877
453881
4542914
454584
454639
4546952
4556982
455948
4560833
456089
456162
4562
456468
4568458
4569460
457089
4571361
457322
4573260
457502
458066
4581573
458360
458362
458539
4586154
459219
459292
45969842
4605475
460661
4609107
461032
46122950
461600
4621453
462240
462473
4625271
463064
463164
463164
463194
463311
463625
46366625
463747
463809
463834
464822
464856
4653677
465465
465745
465777
4658280
466628
4666467
4668493
4670613
467073
4671134
4671223
4672518
468085
468201
468373
468387
468403
4684952
468499
468622
4687072
468708
468753
4688785
468904
469078
4694009
4694012
46942
469609
4696109
4696205
4696629
46994515
4701420
4701883
47035179
47036121
470581
470736
47085
4709167
4709190
4709196
4709198
470933
47102165
4710818
471153
4712538
47129506
471481
471711
471769
4720677
472159
4723648
4724255
4724938
4726600
4727316
4730588
473248
473389
47356368
473889
47390306
4742168
474478
474752
47501301
47503002
47504864
475090
47522735
47524569
47542004
4756062
476210
4762583
4762583
4765697
4765980
4768562
476960
4770956
477233
477514
4776971
4778534
4782112
4783001
478328
478335
4784981
4787162
4787192
4787206
478742
478768
47890303
478940
4789707
4793137
4793235
4793334
4794504
4794616
479895
479912
4803558
4803605
4804164
4807224
4808187
4808905
4810717
4810722
4812007
4812655
4817547
4818481
4820278
4823701
48338
48354
4837427
48409
48471377
4849427
4849445
4849583
4851114
4852313
4854766
4856333
4856416
4857287
4857591
4858484
48671
4873358
4873358
48737
48739652
48778782
48779337
4880014
48815110
48816032
48827
48844389
4884607
4885563
48866090
48964805
4897235
4897288
489830
48988548
49006263
490189
4907813
4919604
4919619
4919619
4919958
492172
4921799
4922403
492306
4923842
49260
4929959
493117
4933246
493687
493733
4942276
494438
4945258
4945949
4946251
4947387
4950143
4950143
495225
4952977
4957412
4957755
4959493
4969536
496966
49706208
4972400
497370
4975478
4982338
4992033
4992530
4992563
4993074
499324
499333
499341
4993620
4994483
4996240
4996328
4997511
499988
5000395
500376
5014175
5015567
50332038
50376927
50378500
5039711
50404822
50413479
504382
504573
505810
5059024
50591754
5061463
50634772
506775
506925
507718
50772653
5079
50821956
50822527
50828716
5084533
5085947
50881579
508828
509154
5093391
509461
509496
51031129
5103512
510924
5110495
5111623
5113632
511400
511575
5117912
5117915
511817
5121246
5122942
512322
512850
5133557
5133562
5134101
5138572
514003
514188
514895
51491
51497667
5152297
5152313
5158929
516063
51614
516324
516346
5163886
5164256
5164327
5164332
516619
516770
517037
5171170
51727160
51728901
5173059
51778400
5177976
518503
5185454
5186544
5187081
5187168
5187194
51880218
518807
519025
51954909
519606
5196669
52004034
5200420
520052
520167
520186
520234
520283
520666
521014
52110606
5215268
521541
5216919
521856
521921
5222201
5230390
5242357
52431086
5243720
52450733
52450733
524649
524741
5249458
525263
5255927
5255950
5255955
5256079
5257464
5257864
525997
526211
526272
526382
526556
5266
52671433
5267232
5267359
5267359
5270967
5274069
527531
527630
5277641
5277651
5279358
52881956
5288346
5289916
529197
5298220
530043
5302218
5304930
5305520
530997
531287
5314026
5316770
5326617
532829
532829
532832
533148
533329
5333478
5333495
5333736
5338071
5340440
5340826
5340969
5341087
5345
5347760
53483
5354606
5354612
5354731
5358798
5359206
5368721
5372483
537284
5373530
5375473
5375735
537627
5377065
5377144
5380942
53812154
5381681
5384571
53939111
539722
5397960
540005
540123
540155
5401617
5401662
54017
540367
5404288
5411040
5413089
5413378
541497
5415200
5415204
5418250
541979
541985
542315
54239
542578
5428603
5429012
543053
543225
543319
543703
5439249
54394
544076
544095
54413070
54436538
5443868
544426
5445619
5445652
544622
545033
5450844
545334
5460387
546337
5479403
54813043
548381
548463
548597
54860559
54869994
549295
5493470
549425
549496
549585
549793
54988
549979
5500735
5500739
5500740
5500764
5500787
550095
5503825
550592
55080146
55088
55089
5508950
55108
55116
55120585
55153903
551709
55192723
55199234
551999
552049
5521343
55218
55221030
55237992
552529
5528390
5530607
553093
5531837
553419
5535338
55392278
55425640
5543096
55456308
5548023
5548051
5548057
554831
5549197
555176
555324
55539697
5556110
555644
555809
5558105
55583527
555891
55597287
555994
55625115
55628198
55630640
55630672
5563436
556406
55673245
556765
556963
55708
557165
5571781
55738551
55753579
55774626
55811443
558162
55825859
5584417
559269
5595
559545
559795
5601971
5602098
560317
56037283
56055080
56072764
561018
561142
56195618
5620151
56219
56227130
5624190
5625663
5625718
56261069
5626500
5626514
56278907
56292080
56321228
56339412
563544
5636545
56388740
56390799
56392496
56394155
5641329
56416
5642504
56449740
5647346
56486567
56488891
56490462
56550185
565603
56598432
56626814
56647716
56650348
567601
56760280
567959
56823084
568452
56847205
5687165
56875474
5691267
5691297
5696978
5700943
57041086
570633
570651
5707269
570913
570952
570956
571203
5712034
571670
571680
571822
572357
57248493
572699
57306624
57338487
57338487
5734038
57406
57409501
5749537
574980
57502
57515793
57546
57549
57586448
5760351
576057
576472
5765225
5765594
5766077
5766537
5767579
5768145
576983
5772358
5773222
577679
578426
578431
578538
578788
579043
5793790
5794540
579576
580059
580935
5813917
581518
58207989
58324203
583294
583792
584047
58407244
58419925
58462848
5860270
586048
586281
5864648
5868696
587021
587474
5875297
5875297
5882950
5886445
588760
589155
590132
590516
59055
591229
591519
5918873
59195778
591964
5921023
5925150
59275384
59282938
593348
5934650
59347449
593717
5938112
5938153
5938223
5938532
5938628
5938628
5938654
5939145
59393688
594056
59417334
594219
5942751
594399
594451
59473
59485
5950121
5951685
595269
595289
595321
595341
595668
595809
595992
5964927
5965929
596870
59707291
597209
5972324
597309
597341
597518
597573
597655
597857
5994097
5995224
599602
59966
5996651
5998368
6001132
6002373
6005177
6005185
600572
6005979
600836
60083801
60088
6016577
6016607
6019569
6020705
602154
6022820
6025030
60289
6029932
6031122
6031736
6033876
6033876
6033943
603462
603573
6037996
60426016
60439506
604487
604590
6046472
6048240
604840
6048869
6051002
60520620
6052411
60528016
6053452
6053470
6054672
605475
6054803
60550826
60558384
6058221
60584157
6061170
6061464
6062210
60629364
6067386
6067762
60687933
6069273
607230
60737383
6074122
60747281
60750948
60756474
60771414
60773353
6077392
6077919
6078270
60786161
60791193
6081283
608273
60828127
60830553
6083344
6085051
6085156
60862279
6086850
6086895
6087765
60877822
6087792
6088693
6089067
608917
609037
6090759
6092218
609387
609413
609471
6095856
60963
6096770
6096988
6097001
6097324
6097842
609816
6098278
609885
6099183
610028
6100831
610137
6102082
6102483
6102522
6102675
6102943
6103004
6104568
61046702
6104787
6105145
6105196
610599
61069141
61072
61073186
61075862
61076558
61079478
61081528
611008
61108680
61119902
6112159
61121991
6112266
61130765
6113745
611560
6128255
6128516
61299
6130091
613287
61332
61362756
61362903
61364023
613772
613788
61387734
6145744
61467027
61472968
6147865
614960
6149997
6151930
615419
6155077
615586
61594
6161415
61648440
61658699
6167207
61685190
616949
616992
6170373
617333
617538
61780902
61780994
6179550
617956
617985
61855462
618714
61927457
619499
61951272
61963063
619701
61983346
61997091
62004693
62016445
62021364
62023493
620275
620344
6205661
6209009
62116538
621557
6219867
62206
622187
622399
62272416
6228904
623740
623765
62430
62515
62515
625396
6254673
62557
62571304
625835
62593974
6263168
62641
626653
627527
627656
628020
628024
628680
6298545
6298614
62995691
6304425
630524
63057987
63062
63064412
63078193
63094096
6310687
63117442
63131
6314776
6314795
631526
6319608
632097
6321095
6321460
63224253
632261
6324948
63254293
63255684
63256875
632666
633506
63385883
634112
63415597
6344931
6345689
6347399
634977
6356472
635848
63639179
63645885
63664
63682
637089
63724
6372518
6372772
637471
6375197
6376623
6379028
638278
638350
63855
6386921
638850
638897
638941
639026
63928206
63969044
63982
63989029
6399
6400911
640251
640708
64073803
640870
6415173
64159898
641691
64170336
6417795
64210939
64216226
6430187
6430441
64304472
6431557
6432526
6435476
6436189
6436710
6440910
6441202
6448488
64494878
64501724
64513766
6452641
6458119
64585041
645939
646605
6470603
6470940
6471007
647389
64739214
648211
64827196
6484090
648441
64846123
64846131
64846168
648489
6488077
648860
6489
64920684
64936816
64954602
64972727
649778
6502804
6503228
6503442
650431
65043165
65045777
65047464
650558
6505720
6505806
65065436
65070873
65073
650731
65082480
65083025
65086061
65090737
65123422
65127645
65127907
6516672
65177149
65214760
65218035
652182
65220423
65220578
6522913
65249245
65273184
65273447
65275039
6527925
65286022
65295647
65320900
6535830
653783
6539954
654338
6544417
6547030
655269
6553095
655542
65561169
655794
656232
65658874
656898
657178
6574547
6574674
6580509
6583286
658547
658562
658855
659009
659043
659349
6593628
6594081
65963209
65966573
65977362
659891
65990
660001
66001091
66041231
6607150
660733
6607829
661049
661562
6616184
6616185
6616284
6620945
6624513
662664
663511
663639
663731
663867
6639899
664305
6643542
664549
664628
6647173
66486237
66493422
665778
666044
6660938
66626429
666478
6668447
666909
66725900
667615
667634
6681036
668370
668584
668823
668849
6692693
6697941
67015411
670324
670356
6707743
670805
671195
67135643
67149978
67153808
672095
672104
6723081
6723145
6723172
673271
6734096
6736699
6737305
674018
6740528
6743329
674419
6744657
6744683
6744873
674546
6745684
674684
67501757
675312
675594
6756142
675636
676078
6763364
6763416
6763860
676450
6765506
676768
6770436
6771134
6774111
677467
6776784
677717
678584
6786508
679237
679516
680165
680215
6806801
6806802
680727
680861
6812208
681350
681581
681887
682135
682452
683427
6836067
684130
684158
684364
6845459
684821
684886
6850266
685201
685901
686375
6864145
686513
6865580
6865580
686828
687126
6873698
687724
688121
6885325
688755
6889098
688984
68920959
689318
68948716
68948716
689551
6895752
6895819
6895855
689919
690759
6911206
691283
6916897
692133
692207
6923703
69263
692749
692904
6929876
6930697
693103
693531
693664
694050
6940705
6941048
6954884
695675
69569438
695730
695730
6957984
696003
6963889
6967803
696808
6970447
6971319
697173
6971740
697300
6973721
6974486
697722
6978937
697912
697919
6979714
6980155
6981051
698140
698156
6983526
698465
698628
6987339
6991429
69935603
6994116
699425
699619
699652
699702
699793
699950
700133
70014
700635
70130
702158
70247320
702704
70282
7029922
70339467
7035541
7035695
7035715
703620
7041122
704124
704151
704215
704620
705112
705254
705254
705292
70634492
7068098
707346
707346
70775
707767
707845
708078
7081151
7082803
7083044
70831977
7084220
7086586
7086622
7089507
70912
709583
7096202
709840
710497
7107111
7108569
710956
7111322
7111472
71167619
71236152
712430
7126113
712641
712817
713261
713770
7139428
714173
714173
7142587
7144390
71491
715790
715893
716025
716486
71712422
7171773
7172421
717298
7176180
717629
7178472
718067
718097
718278
718533
718738
719133
719203
7193066
7193066
719431
719447
719491
71974203
719880
7201293
7205082
7208955
7210038
721143
721491
721738
721858
722035
7221819
722715
723063
7231152
7231195
7231541
723256
723275
7234018
723608
724010
724234
7243295
7244535
7248718
7251263
725151
725191
725333
725427
725531
726005
7263298
726469
727176
7272094
7273887
727409
727629
7276338
7279724
728094
728117
72817379
728491
728624
728965
729115
729299
729362
7293896
730128
730241
7302611
7302625
7303885
730476
730657
7307676
731042
7312073
731520
731673
731939
732247
7322543
733637
733831
733868
7342227
734735
734967
7361597
7362683
736682
7367705
736791
736796
7371012
7374089
737590
7377860
738428
7384599
7384808
7387850
7388547
739767
739800
7398333
7398595
7401400
740181
740341
7404638
740496
740522
74099016
741389
7414836
741538
742562
74256324
743379
743393
743452
743970
744001
744695
7447090
7449431
7452709
7452918
745303
7459704
746524
74662
74736
747679
748004
748092
74821421
7484007
748655
7487546
748797
7490096
749080
7492817
749507
750116
7505463
750646
7514824
751542
751584
7518922
752072
7521893
752288
753041
753168
7536290
7541796
7541831
754347
7546779
75527
75571953
755984
756003
757391
7579464
75842741
7585750
7589800
759200
760023
7601605
7602909
7603765
7603926
7604551
7606161
7620742
762531
762673
762673
7634354
76353795
76376
76392053
76415
764794
764913
76529993
76529995
7665177
767089
767151
7672524
767300
7680144
7682536
768423
7686865
7688162
7689528
7689534
76951
7695342
769575
7696729
76971905
770326
77040160
770771
771240
7716202
7719555
77289544
773068
7730684
7730725
77315
773239
77385
7738649
7741279
77561
77569
7756992
775801
77581
776262
776546
776642
776727
777119
7777562
7784788
7788102
779011
7791373
77972346
7798122
7800572
7801796
7801801
7807940
7809118
7809124
7809127
781027
781124
781514
78185
7818964
7825689
782653
7829139
7837195
784466
78478
78488
7849676
78510
7852790
78529
78535734
78552
7855262
7855263
7855527
785607
78564
78607
7863589
78663
786815
787032
78728
78729
78732
78762
78764
78769
78791
78828
788439
78851988
7886500
7886528
788773
7888242
7895345
7895858
7896788
789794
789928
790075
790110
790785
790785
7911403
7911959
79147
7916847
7917392
79176770
79177
791831
79191
7919752
7920771
7920815
79227404
7923258
792349
7926854
7927487
7930131
7933313
7938108
7938566
7939854
7941869
7941869
794242
794354
796201
796217
796593
797085
7972826
797666
7979065
7980147
798610
798935
799313
800389
8007847
802523
8031447
8031500
803181
803380
80357904
803701
80374
8038090
804541
8047540
8052577
8052580
80557242
806609
806628
806678
8071407
807375
8074297
8077015
8077015
8077673
8077698
80788
8079556
8079697
8079822
8080096
8080254
8080261
8080263
8080275
8080530
8082494
8082955
810104
810310
810352
81047912
81206017
81219104
81243
813067
813968
8145593
814926
81502
81517
818846
81901048
819514
8197668
8205319
82397
824338
828250
828285
828342
829597
829892
829894
830638
83116
831362
831539
83179
831911
832302
832773
832807
832874
832920
833101
833333
833595
833673
834200
834566
83487
835895
836316
836632
837438
83752372
837814
838159
83825
838291
839025
839031
839142
839193
839710
84081335
840814
84081640
84116
8415744
84167
84178
8420324
84208
842154
84258
84308938
843261
843856
84386
84441327
844685
844825
845019
845136
845408
84556
846340
847055
847314
84767938
847711
849232
84940970
850815
851221
851221
851334
852791
853284
853921
85418795
854539
854574
854595
854649
854986
855548
85563288
856099
85724597
85749727
85790521
85794920
85806073
85811093
85847262
85905
85969772
85975771
85975771
85975771
85975771
85977143
85982613
85986129
85986557
859868
85997783
861217
86150
861573
86458181
864764
865115
86536858
865513
866154
866323
866323
86752342
86755007
867647
867956
869924
870148
87067922
87094469
871174
87204911
872329
87244322
872769
87277597
87432
8744628
87463168
874748
87486535
874873
875251
875512
875718
87588
87621
876452
876619
876640
87674455
877570
877624
8777550
878282
878358
87922222
881001
882441
882491
883864
88391
88487372
885331
885363
88608397
887019
887038
887143
887238
887260
887674
887796
88787767
888024
888228
888402
888414
888420
888458
888482
888503
888508
88887997
890755
891033
89137
89186326
892957
893459
893793
8939886
89477488
89495870
895359
89580999
896179
896477
896890
897334
897349
897394
89743965
897466
897623
897765
897817
897856
900157
9005
9008205
90356
904386
905203
905573
907536
90890785
909107
909613
910124
91071651
911040
91244572
912679
912866
913580
91365
9139594
914795
9150967
9156373
9160318
916333
9167923
9169579
9170846
9177992
917858
918352
9187516
9189523
919392
9195644
9197807
920266
920340
920340
920705
92095
921159
921492
92202955
922153
922338
922748
922801
922898
923019
923742
92379963
92441884
924512
9250728
9254276
925460
92552509
92628
926447
926532
9267646
926997
927186
927499
927740
927915
92846557
9284834
9286452
928703
9288539
928945
9296701
930533
932413
9324745
9325371
932810
932910
93292
934266
934618
93507
935429
9354728
9355848
93588
935887
9359684
936001
93632
936354
9363732
936634
936932
937035
937062
93764
937696
9377346
938047
938412
9386300
93890
939347
9395008
93959
94005936
940150
940154
940177
940243
941210
942041
942232
94238
942401
943173
944048
94526
94539
945403
94656652
94698246
94721
94734206
94802
948064
948505
948625
949423
949457
949460
949744
950570
950570
950671
95116940
95198719
95242
953137
953326
953837
953953
954174
954308
955165
955415
955782
956239
95683960
957435
958362
958562
959096
960106
960839
960873
96098734
9612001
961430
96143234
961900
962496
962726
963023
96316244
963256
96372359
96395541
964125
964329
964404
964846
965209
965429
96621463
96623913
96654556
966594
966696
967211
96745552
96757122
96876181
969083
9698241
970000
97038384
970824
97103037
971432
971432
97152456
97153
97185032
97209098
972105
972128
97216201
97219228
97220662
97241319
97249509
97258848
97303328
97357641
97375295
973869
975183
975764
97579029
975859
976053
976222
976238
97664140
97693142
97694916
97763578
977639
977777
97924197
979946
97994672
980219
98078874
98130566
981447
981566
98184607
982072
982319
982331
98293661
983151
983599
98407148
984135
984266
984384
986318
986738
986959
9871
988502
98924172
989815
991201
991398
99284536
99311644
993154
99360113
995284
99589509
99659280
99662591
996777
997029
99767918
999776